Paris	New York	Tokyo	Le Caire	Cape Town	Reykjavik
0	5850	9739	3220	9294	2237
5850	0	10878	9046	12541	4215
9739	10878	0	9587	14724	8820
3220	9046	9587	0	7189	5283
9294	12541	14724	7189	0	11421
2237	4215	8820	5283	11421	0
